53 159 152
140 221 155
0 143 162
228 80 84
245 214 167
61 197 184
135 163 169
0 122 142
0 216 254
0 165 194
0 77 89
164 108 112
236 164 138
193 16 47
235, 159, 159
0, 168, 198
77, 188, 233
38, 173, 228
255, 153, 0
120, 192, 168
246, 114, 128
192, 108, 132
160, 197, 95
185, 215, 217
102, 130, 132
135, 214, 155
78, 150, 137
126, 208, 214
239, 116, 111
171, 62, 91
53, 150, 104
171, 82, 107
0, 180, 255
22, 147, 167
129, 168, 184
19, 116, 125
10, 191, 188
195, 255, 104
235, 216, 183
153, 187, 173
198, 169, 163
79, 134, 153
106, 94, 114
142, 178, 197
97, 83, 117
163, 0, 6
168, 81, 99
241, 57, 109
147, 204, 198
108, 189, 181
235, 123, 89
207, 70, 71
204, 82, 122
126, 86, 134
165, 170, 217
97, 166, 171
172, 206, 192
94, 159, 163
250, 184, 127
248, 126, 123
176, 85, 116
102, 182, 171
12, 165, 176
255, 225, 129
39, 144, 176
148, 186, 101
43, 78, 114
167, 2, 103
51, 145, 148
223, 236, 230
228, 111, 10
185, 72, 90
0, 170, 255
107, 49, 98
176, 88, 123
246, 176, 118
248, 225, 146
216, 138, 138
109, 166, 122
4, 109, 139
156, 196, 228
58, 137, 201
242, 108, 79
153, 23, 102
105, 165, 164
255, 165, 102
243, 95, 85
226, 27, 90
158, 12, 57
123, 110, 214
199, 252, 215
191, 73, 106
159, 214, 210
255, 122, 132
172, 201, 95
110, 30, 98
112, 175, 196
51, 96, 90
14, 141, 148
89, 179, 144
114, 145, 118
254, 195, 78
252, 145, 109
194, 12, 100
120, 143, 65
0, 162, 166
67, 88, 105
0, 162, 166
15, 165, 140
255, 158, 158
0, 162, 166
